acas
-----
Mean:   3222.9589460000007
Min:    3141.203
Max:    3304.711
Var:    708.5455654990839
StdDev: 26.61851922063066
COV:    0.008259031426281982
