ann
-----
Mean:   618.812074
Min:    432.655
Max:    1357.764
Var:    24317.018394136525
StdDev: 155.93914965183222
COV:    0.2519975873189446
