array_stats
-----
Mean:   161.573278
Min:    156.06
Max:    192.158
Var:    140.42459435471602
StdDev: 11.850088369067803
COV:    0.07334188249289468
