avg_filter_RGB
-----
Mean:   2604.184634
Min:    2530.818
Max:    4146.009
Var:    3632.185863300044
StdDev: 60.26761869611279
COV:    0.023142605907916124
