avg_filter
-----
Mean:   2119.3025949999997
Min:    2111.863
Max:    2152.284
Var:    109.71745209297512
StdDev: 10.47460987784152
COV:    0.00494247961690507
