binary_tree_sort
-----
Mean:   279.994726
Min:    252.217
Max:    334.571
Var:    293.40215126292395
StdDev: 17.12898570444041
COV:    0.061176101239994105
