binary_search
-----
Mean:   121.967706
Min:    41.516
Max:    179.5
Var:    445.18929265756407
StdDev: 21.099509298975747
COV:    0.17299258952181773
