biquad
-----
Mean:   22.483211000000004
Min:    15.627
Max:    59.122
Var:    23.102257792479
StdDev: 4.806480811620806
COV:    0.21378088795327344
