bogo_sort
-----
Mean:   14300.558759
Min:    33.858
Max:    152487.755
Var:    217335708.76475847
StdDev: 14742.31015698552
COV:    1.0308904991357424
