bsqrt
-----
Mean:   277.214388
Min:    27.504
Max:    326.862
Var:    924.2490540834559
StdDev: 30.401464670036145
COV:    0.10966770119462972
