bubble_sort
-----
Mean:   4597.3099170000005
Min:    4455.838
Max:    4697.637
Var:    1483.05519103611
StdDev: 38.51045560670647
COV:    0.008376736896571176
