canny
-----
Mean:   15030.713603
Min:    14948.535
Max:    19293.629
Var:    19169.2987178114
StdDev: 138.45323657398336
COV:    0.009211354845211694
