crc_32
-----
Mean:   108.051245
Min:    103.294
Max:    142.1
Var:    89.829829886975
StdDev: 9.477859984562707
COV:    0.08771634222782633
