dct
-----
Mean:   65842.097758
Min:    65706.64
Max:    65926.342
Var:    605.2087707434422
StdDev: 24.600991255301935
COV:    0.0003736362007438143
