dilate
-----
Mean:   876.6294519999999
Min:    834.891
Max:    976.418
Var:    158.98315978769597
StdDev: 12.608852437382872
COV:    0.01438333198664066
