dist_normal
-----
Mean:   12.202167
Min:    5.626
Max:    47.61
Var:    15.847919039110998
StdDev: 3.9809444908351836
COV:    0.32624897617244414
