dist_exp
-----
Mean:   17.472357
Min:    10.834
Max:    52.298
Var:    15.769096063551002
StdDev: 3.971032115653436
COV:    0.22727512468142885
