dist_uniform
-----
Mean:   11.563768
Min:    4.793
Max:    48.703
Var:    19.514724236176
StdDev: 4.417547310009934
COV:    0.38201625196994043
