dist_gamma
-----
Mean:   12.200638999999999
Min:    6.198
Max:    47.401
Var:    10.134557106678999
StdDev: 3.1834819155570835
COV:    0.26092747400829447
