eq_root
-----
Mean:   47.119085999999996
Min:    39.9
Max:    81.677
Var:    38.855002848604
StdDev: 6.233378124949906
COV:    0.1322898777143068
