erode
-----
Mean:   817.85417
Min:    781.499
Max:    920.734
Var:    162.05959872110006
StdDev: 12.730263104944063
COV:    0.01556544378192027
