exp_int
-----
Mean:   1524.707915
Min:    9.949
Max:    4711.809
Var:    1937575.7547677378
StdDev: 1391.9683023573984
COV:    0.9129409565355332
