fft
-----
Mean:   53468.971757
Min:    53392.955
Max:    53550.426
Var:    758.1011034479567
StdDev: 27.533635855948205
COV:    0.0005149460509747615
