fibonacci
-----
Mean:   24.934071000000003
Min:    4.688
Max:    165.853
Var:    1028.761781249959
StdDev: 32.07431653597562
COV:    1.286365011793526
