fir_avg
-----
Mean:   49.99859700000001
Min:    44.276
Max:    85.635
Var:    40.801969108591
StdDev: 6.3876419051627344
COV:    0.1277564229484826
