gauss_filter
-----
Mean:   4821.844328
Min:    4789.06
Max:    4832.294
Var:    148.67882878241554
StdDev: 12.193392833104966
COV:    0.0025287819356380027
