gauss_filter_RGB
-----
Mean:   5647.421130999999
Min:    5542.483
Max:    6042.282
Var:    2289.53406171584
StdDev: 47.84907587107446
COV:    0.008472730253534632
