img_scaling
-----
Mean:   34102.147131
Min:    34052.239
Max:    34241.739
Var:    1003.0815978538457
StdDev: 31.67146346245853
COV:    0.0009287234419814025
