insertion_sort
-----
Mean:   1770.8145929999998
Min:    1640.977
Max:    1892.882
Var:    1555.8828891073513
StdDev: 39.444681379209435
COV:    0.022274879332445978
