jpeg_compress
-----
Mean:   451020.77879400004
Min:    448532.711
Max:    452594.506
Var:    332840.99990618834
StdDev: 576.9237383798559
COV:    0.0012791511289624218
