knn
-----
Mean:   198787.32222600002
Min:    198406.333
Max:    199332.619
Var:    7991.833481854857
StdDev: 89.39705521914499
COV:    0.00044971205516572155
