latnav
-----
Mean:   201.622682
Min:    186.673
Max:    250.582
Var:    177.242763440876
StdDev: 13.313255178237815
COV:    0.06603054302311986
