lu_dec
-----
Mean:   89980.200302
Min:    89885.726
Max:    90233.191
Var:    649.2652847847978
StdDev: 25.48068454309652
COV:    0.0002831810160188114
