matrix_mult
-----
Mean:   273092.37880500004
Min:    272977.272
Max:    274766.974
Var:    8328.706574240927
StdDev: 91.26174759580778
COV:    0.0003341790349300545
