matrix_inv
-----
Mean:   293090.282633
Min:    292702.631
Max:    297222.115
Var:    21632.79831447622
StdDev: 147.08092437320423
COV:    0.0005018280478352642
