matrix_nn
-----
Mean:   506.184758
Min:    488.483
Max:    571.72
Var:    329.52720481743603
StdDev: 18.152884201069426
COV:    0.03586217070777431
