matrix_det
-----
Mean:   90052.934564
Min:    89949.043
Max:    93202.817
Var:    11851.840379589841
StdDev: 108.866158100623
COV:    0.0012089129424566677
