mc_integral
-----
Mean:   56.26271799999999
Min:    48.858
Max:    94.176
Var:    49.446738652476
StdDev: 7.031837501853694
COV:    0.12498218628281867
