md5
-----
Mean:   34.259029
Min:    27.19
Max:    84.383
Var:    33.582077390159
StdDev: 5.795004520288056
COV:    0.16915262018336993
