multi_search
-----
Mean:   292.69404000000003
Min:    9.532
Max:    597.972
Var:    29293.507701826402
StdDev: 171.1534624301431
COV:    0.5847521269313959
