quick_sort
-----
Mean:   202.140174
Min:    185.174
Max:    245.752
Var:    193.61063875972397
StdDev: 13.914404003036708
COV:    0.06883542112235794
