select_nmax
-----
Mean:   3841.681624
Min:    19.533
Max:    8230.352
Var:    5633089.935908315
StdDev: 2373.4131405864246
COV:    0.6178057873820375
