unstruct
-----
Mean:   1738.0117769999997
Min:    22.554
Max:    3574.762
Var:    1113052.9165454092
StdDev: 1055.013230507281
COV:    0.607023061908332
