zo_adamm
-----
Mean:   66965.942089
Min:    66629.782
Max:    67307.595
Var:    11013.099768131095
StdDev: 104.94331692933616
COV:    0.0015671147699208494
