acas
-----
Mean:   178.557929
Min:    160.748
Max:    216.64
Var:    141.300360839959
StdDev: 11.886982831650721
COV:    0.06657213655099417
