ann
-----
Mean:   69.980709
Min:    46.412
Max:    162.102
Var:    277.100561066319
StdDev: 16.646337767398542
COV:    0.23787037892683455
