array_stats
-----
Mean:   25.039221999999995
Min:    17.918
Max:    60.216
Var:    30.584638792716
StdDev: 5.5303380360260075
COV:    0.22086700761014094
