avg_filter
-----
Mean:   36.229394
Min:    28.753
Max:    71.936
Var:    34.138197042764006
StdDev: 5.842790176171313
COV:    0.16127209238364057
