avg_filter_RGB
-----
Mean:   289.485773
Min:    229.61
Max:    987.72
Var:    3828.1927127974714
StdDev: 61.87239055344048
COV:    0.21373205982540802
