binary_search
-----
Mean:   16.012234
Min:    5.886
Max:    53.079
Var:    15.940568347244
StdDev: 3.992564131888679
COV:    0.2493446031258773
