binary_tree_sort
-----
Mean:   27.100403
Min:    19.482
Max:    63.133
Var:    28.842387456591002
StdDev: 5.3705109120633026
COV:    0.19817088742419448
