biquad
-----
Mean:   10.14467
Min:    4.688
Max:    45.891
Var:    11.0023025591
StdDev: 3.316971896037107
COV:    0.32696695861344993
