bogo_sort
-----
Mean:   204.70340299999998
Min:    7.761
Max:    1242.854
Var:    36853.78821551059
StdDev: 191.9734049693097
COV:    0.9378124748092719
