bsqrt
-----
Mean:   29.818807
Min:    4.688
Max:    65.893
Var:    34.657175715750995
StdDev: 5.887034543448085
COV:    0.19742689717425935
