bubble_sort
-----
Mean:   69.643007
Min:    62.403
Max:    104.856
Var:    64.806234380951
StdDev: 8.050231945785848
COV:    0.11559282536128643
