canny
-----
Mean:   198.44742099999996
Min:    188.615
Max:    245.133
Var:    128.314405569759
StdDev: 11.32759487136431
COV:    0.05708108885609711
