crc_32
-----
Mean:   19.238211
Min:    12.085
Max:    55.163
Var:    29.127135320478995
StdDev: 5.396956116226905
COV:    0.28053315956597547
