dct
-----
Mean:   696.1204469999999
Min:    670.078
Max:    747.431
Var:    233.7280523171911
StdDev: 15.288167068592333
COV:    0.021961956633335805
