dilate
-----
Mean:   22.221505
Min:    15.627
Max:    57.038
Var:    25.002264989975
StdDev: 5.000226493867553
COV:    0.2250174546623891
