dist_gamma
-----
Mean:   8.279788
Min:    4.688
Max:    43.078
Var:    4.659002217056001
StdDev: 2.158472195108383
COV:    0.2606917224340023
