dist_uniform
-----
Mean:   8.389819
Min:    4.688
Max:    45.891
Var:    11.755987890239002
StdDev: 3.4287006125118307
COV:    0.40867396692489205
