dist_exp
-----
Mean:   9.790125
Min:    4.688
Max:    46.099
Var:    11.946685933374999
StdDev: 3.4563978262600212
COV:    0.3530494070566026
