dist_normal
-----
Mean:   8.792529
Min:    4.688
Max:    45.318
Var:    10.318012843158998
StdDev: 3.2121663784989405
COV:    0.365329062718922
