eq_root
-----
Mean:   13.081693999999999
Min:    6.199
Max:    50.631
Var:    21.712664750364
StdDev: 4.659685048408744
COV:    0.3561989027115865
