erode
-----
Mean:   20.191432
Min:    12.71
Max:    55.423
Var:    19.945332693376
StdDev: 4.466019782017988
COV:    0.22118390523356582
