exp_int
-----
Mean:   29.434645
Min:    4.792
Max:    89.281
Var:    278.917201878975
StdDev: 16.700814407656143
COV:    0.56738630303359
