fft
-----
Mean:   3425.587418
Min:    3405.71
Max:    3485.095
Var:    275.37377860327564
StdDev: 16.594389973821745
COV:    0.004844246533200498
