fibonacci
-----
Mean:   10.59072
Min:    4.688
Max:    45.317
Var:    22.8986265316
StdDev: 4.785250937160976
COV:    0.45183433582995075
