fir_avg
-----
Mean:   12.768303
Min:    6.146
Max:    43.703
Var:    11.603502541191002
StdDev: 3.4063914251287977
COV:    0.26678497723063105
