gauss_filter_RGB
-----
Mean:   305.869061
Min:    250.706
Max:    2448.827
Var:    6764.72383602528
StdDev: 82.24794122666707
COV:    0.26889918502305493
