gauss_filter
-----
Mean:   55.797399999999996
Min:    47.818
Max:    90.271
Var:    48.274111634
StdDev: 6.947957371343034
COV:    0.12452116713938347
