img_scaling
-----
Mean:   544.614766
Min:    526.103
Max:    565.483
Var:    262.357216573244
StdDev: 16.19744475444334
COV:    0.029741104659000997
