insertion_sort
-----
Mean:   30.772959000000004
Min:    22.294
Max:    65.737
Var:    31.177328861319005
StdDev: 5.58366625626201
COV:    0.1814471678288074
