jpeg_compress
-----
Mean:   7060.348814999999
Min:    7016.08
Max:    7316.272
Var:    397.4986221067749
StdDev: 19.937367481861163
COV:    0.002823850209709669
