knn
-----
Mean:   19959.486625999998
Min:    19868.314
Max:    20072.556
Var:    590.4307707841238
StdDev: 24.298781261292174
COV:    0.0012174051225165101
