latnav
-----
Mean:   28.398992
Min:    21.982
Max:    64.382
Var:    24.204614795936
StdDev: 4.919818573477684
COV:    0.17323919713339417
