lu_dec
-----
Mean:   3811.063499
Min:    3773.671
Max:    3837.325
Var:    206.3271731439989
StdDev: 14.364093189059966
COV:    0.003769051130433544
