matrix_inv
-----
Mean:   12260.231537999998
Min:    12231.018
Max:    12618.979
Var:    444.95772754255466
StdDev: 21.094021132599508
COV:    0.0017205238797668382
