matrix_mult
-----
Mean:   11309.808045
Min:    11211.16
Max:    11519.268
Var:    1404.778423200976
StdDev: 37.4803738401977
COV:    0.003313970819935141
