matrix_nn
-----
Mean:   79.670784
Min:    76.363
Max:    114.805
Var:    73.108493969344
StdDev: 8.550350517338105
COV:    0.10732102896512359
