matrix_det
-----
Mean:   3791.586228
Min:    3764.869
Max:    4075.322
Var:    245.600316552016
StdDev: 15.671640518848562
COV:    0.004133267602650592
