mc_integral
-----
Mean:   13.694008999999998
Min:    7.709
Max:    49.381
Var:    10.803191722919005
StdDev: 3.286820914336375
COV:    0.2400188954408001
