md5
-----
Mean:   13.604406999999997
Min:    7.501
Max:    49.693
Var:    15.089127145351002
StdDev: 3.884472569777138
COV:    0.28553045860632803
