multi_search
-----
Mean:   44.46994500000001
Min:    6.095
Max:    111.888
Var:    505.927968597975
StdDev: 22.492842608215952
COV:    0.5057987503293729
