quick_sort
-----
Mean:   22.224776
Min:    15.002
Max:    57.402
Var:    21.346575969824
StdDev: 4.620235488568088
COV:    0.2078867066452363
