select_nmax
-----
Mean:   55.822184
Min:    6.199
Max:    138.297
Var:    956.640416628144
StdDev: 30.929604210661086
COV:    0.5540737032191554
