unstruct
-----
Mean:   23.797679
Min:    4.688
Max:    65.685
Var:    106.033663039959
StdDev: 10.297264832952438
COV:    0.43270038363625457
