zo_adamm
-----
Mean:   6769.629427
Min:    6636.041
Max:    6915.24
Var:    1680.817513642672
StdDev: 40.99777449621713
COV:    0.006056132752658742
