acas
-----
Mean:   18.549205999999998
Min:    11.876
Max:    55.163
Var:    16.327207515564
StdDev: 4.040693939852906
COV:    0.21783649067528316
