ann
-----
Mean:   15.835162
Min:    9.429
Max:    53.183
Var:    15.074772727756
StdDev: 3.882624463910462
COV:    0.24519006903184581
