array_stats
-----
Mean:   10.67218
Min:    4.688
Max:    46.724
Var:    17.206539193599998
StdDev: 4.148076565542155
COV:    0.3886812783838124
