avg_filter
-----
Mean:   14.401731
Min:    9.376
Max:    50.579
Var:    16.598892854639
StdDev: 4.074173886156432
COV:    0.28289473578949864
