avg_filter_RGB
-----
Mean:   245.974095
Min:    196.585
Max:    777.331
Var:    1873.8951613219754
StdDev: 43.28851073116255
COV:    0.1759880882219022
