binary_tree_sort
-----
Mean:   9.853343
Min:    4.688
Max:    46.881
Var:    9.815713781350999
StdDev: 3.133003954889141
COV:    0.31796355357660244
