binary_search
-----
Mean:   9.011274000000002
Min:    4.688
Max:    46.776
Var:    8.932805566924001
StdDev: 2.9887799462195273
COV:    0.33167118725049605
