biquad
-----
Mean:   8.063196999999999
Min:    4.688
Max:    43.495
Var:    8.013707848191
StdDev: 2.830849315698559
COV:    0.3510827424529699
