bogo_sort
-----
Mean:   33.21177099999999
Min:    6.042
Max:    237.892
Var:    708.5831043785589
StdDev: 26.619224338409243
COV:    0.8014996953462449
