bsqrt
-----
Mean:   9.861518
Min:    4.688
Max:    35.629
Var:    6.720093139676
StdDev: 2.592314244005923
COV:    0.2628717246174395
