bubble_sort
-----
Mean:   9.606329000000002
Min:    4.688
Max:    44.589
Var:    9.136818442759001
StdDev: 3.022717062968183
COV:    0.31465891528055956
