canny
-----
Mean:   50.955993
Min:    46.151
Max:    87.458
Var:    52.887779794951
StdDev: 7.272398489834767
COV:    0.1427191986982722
