crc_32
-----
Mean:   10.027152999999998
Min:    4.688
Max:    47.402
Var:    17.427215601591
StdDev: 4.17459166884511
COV:    0.4163287095394985
