dct
-----
Mean:   15.069772
Min:    9.48
Max:    83.239
Var:    20.903845644016
StdDev: 4.57207235769689
COV:    0.3033935986355262
