dilate
-----
Mean:   12.402816000000001
Min:    6.094
Max:    52.61
Var:    17.578898528144
StdDev: 4.192719705411274
COV:    0.3380457877800713
