dist_exp
-----
Mean:   8.327292
Min:    4.688
Max:    34.535
Var:    3.392493830736
StdDev: 1.8418723709139024
COV:    0.22118503481250598
