dist_gamma
-----
Mean:   8.184604000000002
Min:    4.688
Max:    45.474
Var:    10.114158121184001
StdDev: 3.180276422134403
COV:    0.388568148457079
