dist_normal
-----
Mean:   8.433022000000001
Min:    4.688
Max:    34.952
Var:    8.073212251516003
StdDev: 2.8413398690610743
COV:    0.3369302094861218
