dist_uniform
-----
Mean:   7.818624000000001
Min:    4.688
Max:    31.931
Var:    2.0482413626240006
StdDev: 1.4311678317458092
COV:    0.18304599783105174
