eq_root
-----
Mean:   9.387465
Min:    4.688
Max:    35.786
Var:    3.9635932787750003
StdDev: 1.9908775147595092
COV:    0.21207828894802902
