erode
-----
Mean:   11.277098999999998
Min:    4.688
Max:    47.141
Var:    12.946254593198999
StdDev: 3.598090409258639
COV:    0.3190617027711329
