exp_int
-----
Mean:   10.161705
Min:    4.688
Max:    45.995
Var:    8.247601895975
StdDev: 2.8718638366007188
COV:    0.2826163361956206
