fft
-----
Mean:   20.406813000000003
Min:    13.491
Max:    63.392
Var:    19.977232338031
StdDev: 4.469589728155259
COV:    0.21902438799019025
