fibonacci
-----
Mean:   8.629515999999999
Min:    4.688
Max:    44.432
Var:    9.400704331744
StdDev: 3.0660568050419417
COV:    0.3552988145617833
