fir_avg
-----
Mean:   9.051043
Min:    4.688
Max:    45.683
Var:    11.844350633151
StdDev: 3.4415622372915182
COV:    0.38023929808879686
