gauss_filter
-----
Mean:   15.246258000000001
Min:    9.376
Max:    50.683
Var:    28.098065157435997
StdDev: 5.3007608093023775
COV:    0.3476761844973617
