gauss_filter_RGB
-----
Mean:   274.93184399999996
Min:    193.616
Max:    2355.431
Var:    11459.277401155663
StdDev: 107.04801446619953
COV:    0.3893620066295396
