img_scaling
-----
Mean:   144.249539
Min:    138.61
Max:    176.427
Var:    139.73853417247898
StdDev: 11.821105454756715
COV:    0.08194899988385207
