insertion_sort
-----
Mean:   8.998282
Min:    4.688
Max:    45.89
Var:    10.114763842476
StdDev: 3.180371651627526
COV:    0.3534420961276304
