jpeg_compress
-----
Mean:   1782.0420259999999
Min:    1741.922
Max:    1975.178
Var:    211.32809540132405
StdDev: 14.537128168979045
COV:    0.008157567530328853
