knn
-----
Mean:   2038.916503
Min:    2012.787
Max:    2149.157
Var:    127.57421233999105
StdDev: 11.294875490238528
COV:    0.005539645921556665
