latnav
-----
Mean:   10.748224999999998
Min:    4.688
Max:    39.901
Var:    8.986579976375
StdDev: 2.9977624949910555
COV:    0.27890767963929447
