lu_dec
-----
Mean:   12.596291
Min:    6.302
Max:    43.234
Var:    6.163109054319001
StdDev: 2.4825609870291205
COV:    0.19708666519605814
