matrix_inv
-----
Mean:   21.597719000000005
Min:    15.366
Max:    58.444
Var:    20.769113490039
StdDev: 4.557314284755771
COV:    0.21100905538940337
