matrix_nn
-----
Mean:   9.35374
Min:    4.688
Max:    44.849
Var:    10.4982441464
StdDev: 3.2400994037837787
COV:    0.3463961371369932
