matrix_mult
-----
Mean:   18.132524
Min:    11.407
Max:    53.965
Var:    18.056267687424004
StdDev: 4.249266723497597
COV:    0.23434502132729
