matrix_det
-----
Mean:   13.130757999999998
Min:    6.303
Max:    51.204
Var:    23.856823635435994
StdDev: 4.884344749854989
COV:    0.37197736412893984
