mc_integral
-----
Mean:   9.338226
Min:    4.688
Max:    45.787
Var:    17.215538976924
StdDev: 4.149161237759266
COV:    0.44432007083136194
