md5
-----
Mean:   11.536804
Min:    5.209
Max:    37.765
Var:    8.607426865584001
StdDev: 2.9338416565288594
COV:    0.25430280834526264
