multi_search
-----
Mean:   9.071115000000002
Min:    4.688
Max:    46.203
Var:    12.842089431775
StdDev: 3.583586113347215
COV:    0.39505464469882856
