quick_sort
-----
Mean:   9.650184999999997
Min:    4.688
Max:    46.203
Var:    10.573498876775
StdDev: 3.251691694606824
COV:    0.33695641012134225
