select_nmax
-----
Mean:   9.489475
Min:    4.688
Max:    45.995
Var:    9.934720007375002
StdDev: 3.151939086875729
COV:    0.33215105017671986
