unstruct
-----
Mean:   8.330373999999999
Min:    4.688
Max:    44.433
Var:    7.6797456061239995
StdDev: 2.771235393488615
COV:    0.3326663837048151
