zo_adamm
-----
Mean:   742.7294420000001
Min:    698.519
Max:    829.471
Var:    305.59324012263596
StdDev: 17.4812253610162
COV:    0.023536464791194044
