acas
-----
Mean:   19849.18
Min:    17726.0
Max:    22144.0
Var:    339394.9796
StdDev: 582.5761577682355
COV:    0.02935013727359193
