ann
-----
Mean:   25035.911
Min:    12163.0
Max:    31464.0
Var:    49828707.949079
StdDev: 7058.945243382966
COV:    0.2819528014531992
