array_stats
-----
Mean:   5379.412
Min:    5311.0
Max:    5451.0
Var:    660.058256
StdDev: 25.691598938174323
COV:    0.004775912114218863
