avg_filter
-----
Mean:   4112.164
Min:    4106.0
Max:    4115.0
Var:    1.5551040000000003
StdDev: 1.2470380908376457
COV:    0.0003032559233624062
