binary_tree_sort
-----
Mean:   1096.82
Min:    936.0
Max:    1478.0
Var:    7532.9896
StdDev: 86.79279693615133
COV:    0.079131304075556
