binary_search
-----
Mean:   1074.599
Min:    249.0
Max:    1505.0
Var:    58877.272199
StdDev: 242.64639333606425
COV:    0.2258018045206298
