biquad
-----
Mean:   900.479
Min:    893.0
Max:    909.0
Var:    5.617558999999998
StdDev: 2.370139025458211
COV:    0.0026320869508985895
