bogo_sort
-----
Mean:   19828.922
Min:    7.0
Max:    134141.0
Var:    373895844.43791604
StdDev: 19336.38654035226
COV:    0.9751607545963549
