bsqrt
-----
Mean:   7396.985
Min:    460.0
Max:    8151.0
Var:    1510562.6767749998
StdDev: 1229.0495013525695
COV:    0.16615546757936775
