bubble_sort
-----
Mean:   6849.217
Min:    6675.0
Max:    7040.0
Var:    3281.8019110000005
StdDev: 57.28701345854923
COV:    0.008364023721039827
