canny
-----
Mean:   37940.132
Min:    37521.0
Max:    38278.0
Var:    14241.602575999997
StdDev: 119.33818574119516
COV:    0.003145434120819484
