crc_32
-----
Mean:   216.171
Min:    209.0
Max:    222.0
Var:    4.123759000000001
StdDev: 2.0307040650966357
COV:    0.009393970815218674
