dct
-----
Mean:   416836.77
Min:    416430.0
Max:    417138.0
Var:    11739.6731
StdDev: 108.34977203483172
COV:    0.00025993333561919623
