dilate
-----
Mean:   485.818
Min:    417.0
Max:    574.0
Var:    655.8688759999999
StdDev: 25.60993705576021
COV:    0.052715084776110005
