dist_normal
-----
Mean:   1441.076
Min:    1440.0
Max:    1442.0
Var:    0.35022400000000004
StdDev: 0.5917972625823814
COV:    0.00041066346437133183
