dist_gamma
-----
Mean:   2119.559
Min:    2119.0
Max:    2121.0
Var:    0.268519
StdDev: 0.518188189753491
COV:    0.0002444792476894915
