dist_exp
-----
Mean:   53.945
Min:    53.0
Max:    55.0
Var:    0.11997500000000003
StdDev: 0.34637407524235997
COV:    0.00642087450630012
