dist_uniform
-----
Mean:   11.259
Min:    11.0
Max:    12.0
Var:    0.19191900000000003
StdDev: 0.43808560807221236
COV:    0.03890981508768206
