eq_root
-----
Mean:   4154.289
Min:    3436.0
Max:    4976.0
Var:    278192.753479
StdDev: 527.4398102902359
COV:    0.12696271498931247
