erode
-----
Mean:   421.982
Min:    378.0
Max:    488.0
Var:    326.69567600000005
StdDev: 18.07472478352022
COV:    0.04283292837969444
