exp_int
-----
Mean:   8244.884
Min:    539.0
Max:    18427.0
Var:    28539678.322544
StdDev: 5342.254048858403
COV:    0.6479477514611973
