fft
-----
Mean:   1118889.167
Min:    1118608.0
Max:    1119192.0
Var:    8268.255110999999
StdDev: 90.92994617286429
COV:    8.126805483037114e-05
