fibonacci
-----
Mean:   85.915
Min:    1.0
Max:    491.0
Var:    18787.343774999998
StdDev: 137.06693173409843
COV:    1.595378359239928
