fir_avg
-----
Mean:   1555.83
Min:    1540.0
Max:    1574.0
Var:    32.507099999999994
StdDev: 5.7014998026835
COV:    0.003664603332422887
