gauss_filter
-----
Mean:   10472.614
Min:    10404.0
Max:    10524.0
Var:    387.90100399999994
StdDev: 19.69520256306088
COV:    0.0018806386412275754
