img_scaling
-----
Mean:   139238.438
Min:    138691.0
Max:    139759.0
Var:    28665.176156000005
StdDev: 169.30793293877286
COV:    0.0012159568533709985
