insertion_sort
-----
Mean:   3019.915
Min:    2401.0
Max:    3739.0
Var:    43382.615775000006
StdDev: 208.2849389058172
COV:    0.06897046403816572
