jpeg_compress
-----
Mean:   2876558.598
Min:    2874911.0
Max:    2878125.0
Var:    252501.66039600002
StdDev: 502.49543320909896
COV:    0.000174686319117042
