knn
-----
Mean:   1253422.957
Min:    1249663.0
Max:    1257670.0
Var:    1856617.161151
StdDev: 1362.577396389284
COV:    0.0010870850807221048
