latnav
-----
Mean:   8180.426
Min:    8072.0
Max:    8274.0
Var:    1329.192524
StdDev: 36.458092709301184
COV:    0.004456747449252787
