lu_dec
-----
Mean:   852076.155
Min:    844073.0
Max:    859339.0
Var:    6861017.752975
StdDev: 2619.3544534818116
COV:    0.0030740849137854487
