matrix_nn
-----
Mean:   9653.005
Min:    9651.0
Max:    9655.0
Var:    0.4609749999999999
StdDev: 0.6789513973768667
COV:    7.033575527795404e-05
