matrix_inv
-----
Mean:   2672120.813
Min:    2659867.0
Max:    2683865.0
Var:    16342946.186031003
StdDev: 4042.6409914845276
COV:    0.001512896038164472
