matrix_mult
-----
Mean:   2118267.433
Min:    2117530.0
Max:    2118866.0
Var:    39225.359510999995
StdDev: 198.05393081431126
COV:    9.349807664928172e-05
