matrix_det
-----
Mean:   852165.884
Min:    844166.0
Max:    859428.0
Var:    6861589.730544
StdDev: 2619.4636341327587
COV:    0.003073889348676107
