mc_integral
-----
Mean:   1961.591
Min:    1947.0
Max:    1979.0
Var:    23.927718999999996
StdDev: 4.891596774060592
COV:    0.002493688426415391
