md5
-----
Mean:   130.208
Min:    130.0
Max:    132.0
Var:    0.170736
StdDev: 0.4132021297137758
COV:    0.0031734004801070273
