multi_search
-----
Mean:   4878.493
Min:    19.0
Max:    10068.0
Var:    8741979.085951
StdDev: 2956.6837987771028
COV:    0.6060649874412247
