quick_sort
-----
Mean:   979.449
Min:    823.0
Max:    1369.0
Var:    5749.931399
StdDev: 75.82830209756777
COV:    0.0774193470998161
