select_nmax
-----
Mean:   6255.822
Min:    98.0
Max:    14260.0
Var:    17870265.312315997
StdDev: 4227.323658334668
COV:    0.6757423178496236
