unstruct
-----
Mean:   189.95
Min:    59.0
Max:    308.0
Var:    5023.8415
StdDev: 70.87906249379996
COV:    0.37314589362358497
