zo_adamm
-----
Mean:   603809.579
Min:    603802.0
Max:    603816.0
Var:    11.879759
StdDev: 3.4467026271496066
COV:    5.708260926992691e-06
