acas
-----
Mean:   61995.243364999995
Min:    61588.455
Max:    62432.127
Var:    16103.624027149783
StdDev: 126.90005526850562
COV:    0.0020469321254434863
