ann
-----
Mean:   2994.881015
Min:    2165.366
Max:    6614.549
Var:    606635.4797045927
StdDev: 778.8680759310865
COV:    0.2600664507304597
