array_stats
-----
Mean:   776.6479390000001
Min:    750.906
Max:    787.733
Var:    196.4357118272792
StdDev: 14.015552498110061
COV:    0.01804621089467677
