avg_filter_RGB
-----
Mean:   9851.997116999999
Min:    9691.52
Max:    10044.678
Var:    3588.558980417311
StdDev: 59.90458229899705
COV:    0.006080450652551389
