avg_filter
-----
Mean:   8562.710919
Min:    8533.749
Max:    8636.622
Var:    281.9542428284374
StdDev: 16.79149316851951
COV:    0.001961001991934642
