binary_search
-----
Mean:   1451.366109
Min:    262.995
Max:    1771.684
Var:    35765.86796172712
StdDev: 189.1186610615862
COV:    0.1303038977476814
