binary_tree_sort
-----
Mean:   1822.0339
Min:    1717.876
Max:    2041.086
Var:    1475.2608448899998
StdDev: 38.409124500436086
COV:    0.021080356682955288
