biquad
-----
Mean:   78.277675
Min:    75.164
Max:    132.252
Var:    72.70715553937501
StdDev: 8.526849097959634
COV:    0.10893079154381671
