bogo_sort
-----
Mean:   138290.34153
Min:    49.9
Max:    1189612.473
Var:    19386708242.28904
StdDev: 139236.1599667595
COV:    1.0068393672782587
