bsqrt
-----
Mean:   3069.367217
Min:    1398.526
Max:    3314.865
Var:    60313.41988644591
StdDev: 245.58790663720782
COV:    0.08001255284053156
