bubble_sort
-----
Mean:   131974.31112
Min:    127366.322
Max:    169867.943
Var:    7039865.721178538
StdDev: 2653.2745280461536
COV:    0.020104477193547285
