canny
-----
Mean:   60988.095487000006
Min:    60799.0
Max:    84717.569
Var:    574730.3519592241
StdDev: 758.1097229024464
COV:    0.01243045412139558
