crc_32
-----
Mean:   505.568641
Min:    486.092
Max:    527.295
Var:    267.6866577121189
StdDev: 16.361132531463674
COV:    0.03236184210140453
