dct
-----
Mean:   1644659.621852
Min:    1644030.381
Max:    1645870.197
Var:    73885.18894463076
StdDev: 271.8183013423319
COV:    0.00016527328678273608
