dilate
-----
Mean:   3519.1351600000003
Min:    3398.925
Max:    3832.404
Var:    517.3016438304005
StdDev: 22.744266174805475
COV:    0.006463027175917129
