dist_uniform
-----
Mean:   33.46809699999999
Min:    25.836
Max:    70.736
Var:    37.01662007559101
StdDev: 6.084128538713742
COV:    0.18178889999971445
