dist_exp
-----
Mean:   95.28509400000002
Min:    90.322
Max:    138.087
Var:    90.425655711164
StdDev: 9.509240543343301
COV:    0.09979777679962513
