dist_normal
-----
Mean:   25.094670999999998
Min:    18.543
Max:    60.058
Var:    20.538660402759
StdDev: 4.531959885387226
COV:    0.18059451289029557
