dist_gamma
-----
Mean:   26.182551
Min:    19.22
Max:    62.819
Var:    27.607162679399
StdDev: 5.254251866764573
COV:    0.2006776141394539
