eq_root
-----
Mean:   389.60009499999995
Min:    369.775
Max:    419.104
Var:    276.25769371597505
StdDev: 16.621001585824335
COV:    0.04266169797988457
