erode
-----
Mean:   3336.6802380000004
Min:    3259.744
Max:    3692.286
Var:    3107.2334090733557
StdDev: 55.742563710986204
COV:    0.016705995101405996
