exp_int
-----
Mean:   47640.298711999996
Min:    12.658
Max:    151681.1
Var:    2108753181.0039907
StdDev: 45921.16267042888
COV:    0.9639142472224237
