fft
-----
Mean:   213408.54872800002
Min:    213271.693
Max:    213727.096
Var:    2121.329661802029
StdDev: 46.05789467400816
COV:    0.00021582028905838853
