fibonacci
-----
Mean:   1361.973672
Min:    4.688
Max:    15694.902
Var:    10839805.74088254
StdDev: 3292.386025496181
COV:    2.4173639279395562
