fir_avg
-----
Mean:   216.949136
Min:    209.396
Max:    266.954
Var:    182.386721359504
StdDev: 13.50506280472268
COV:    0.06224990361207375
