gauss_filter_RGB
-----
Mean:   22434.527725
Min:    22297.184
Max:    22785.614
Var:    2344.5278319553768
StdDev: 48.42032457507257
COV:    0.0021582948020392335
