gauss_filter
-----
Mean:   19802.890233
Min:    19768.486
Max:    19909.594
Var:    146.27149179671258
StdDev: 12.094275166239298
COV:    0.0006107328285890872
