img_scaling
-----
Mean:   136311.379751
Min:    136198.757
Max:    136816.844
Var:    5144.459656187016
StdDev: 71.72488868019954
COV:    0.000526184158734358
