insertion_sort
-----
Mean:   44393.747854
Min:    42952.885
Max:    45728.322
Var:    192076.00364626257
StdDev: 438.2647643220506
COV:    0.00987221817277952
