jpeg_compress
-----
Mean:   1796522.98397
Min:    1791885.845
Max:    1804503.935
Var:    3629978.0111534805
StdDev: 1905.2501177413637
COV:    0.0010605208698922937
