knn
-----
Mean:   993713.7229660001
Min:    992746.335
Max:    994382.773
Var:    52800.94956016469
StdDev: 229.78457206732722
COV:    0.0002312381994499127
