latnav
-----
Mean:   1790.9638929999999
Min:    1737.505
Max:    1994.299
Var:    1036.7586044595507
StdDev: 32.19873606928618
COV:    0.017978439540369998
