lu_dec
-----
Mean:   304723.344625
Min:    304521.751
Max:    304967.48
Var:    2482.0866484224275
StdDev: 49.82054444124861
COV:    0.00016349434764362732
