matrix_mult
-----
Mean:   983479.585994
Min:    982545.285
Max:    985546.776
Var:    50405.1001129926
StdDev: 224.51080177352847
COV:    0.0002282821168541247
