matrix_inv
-----
Mean:   956898.378297
Min:    956080.56
Max:    964049.642
Var:    98509.19399465578
StdDev: 313.8617434391388
COV:    0.0003279990337090143
