matrix_nn
-----
Mean:   1113.316597
Min:    1104.952
Max:    1144.904
Var:    91.09588660059094
StdDev: 9.544416514412546
COV:    0.008572958078709525
