matrix_det
-----
Mean:   305056.82676500006
Min:    304802.292
Max:    310099.157
Var:    27457.81359215783
StdDev: 165.7039938932005
COV:    0.0005431905774750953
