mc_integral
-----
Mean:   482.132907
Min:    463.587
Max:    503.54
Var:    253.358460418351
StdDev: 15.917237838844747
COV:    0.03301421165770945
