md5
-----
Mean:   127.214927
Min:    122.616
Max:    158.609
Var:    107.634159917671
StdDev: 10.374688425088774
COV:    0.08155244568971669
