multi_search
-----
Mean:   578.679104
Min:    10.521
Max:    1159.124
Var:    106654.9394322052
StdDev: 326.5806782897684
COV:    0.5643554018666767
