quick_sort
-----
Mean:   1193.5412549999999
Min:    1132.82
Max:    1343.778
Var:    891.972244555975
StdDev: 29.865904382020226
COV:    0.025022934278061657
