select_nmax
-----
Mean:   129526.616352
Min:    357.326
Max:    265562.398
Var:    7077964802.576027
StdDev: 84130.64128232963
COV:    0.649523963890921
