unstruct
-----
Mean:   86615.36278400001
Min:    162.099
Max:    176454.583
Var:    2667264713.793936
StdDev: 51645.56819121981
COV:    0.5962633709681814
