zo_adamm
-----
Mean:   669559.3992890001
Min:    668501.565
Max:    670862.176
Var:    99859.85229952988
StdDev: 316.0060953518617
COV:    0.000471961256443306
