acas
-----
Mean:   1060.661
Min:    741.0
Max:    1526.0
Var:    14078.912079
StdDev: 118.65459147879614
COV:    0.11186853431850151
