ann
-----
Mean:   2621.992
Min:    1440.0
Max:    3203.0
Var:    399414.975936
StdDev: 631.9928606685363
COV:    0.2410353886161881
