array_stats
-----
Mean:   692.888
Min:    666.0
Max:    712.0
Var:    68.017456
StdDev: 8.247269608785686
COV:    0.01190274562235987
