avg_filter
-----
Mean:   770.682
Min:    767.0
Max:    772.0
Var:    0.4208760000000001
StdDev: 0.6487495664738436
COV:    0.0008417863223402696
