binary_search
-----
Mean:   60.291
Min:    26.0
Max:    79.0
Var:    250.202319
StdDev: 15.817784895490265
COV:    0.26235731527906764
