binary_tree_sort
-----
Mean:   54.003
Min:    46.0
Max:    79.0
Var:    30.496991
StdDev: 5.522408079814458
COV:    0.10226113511868706
