biquad
-----
Mean:   65.066
Min:    64.0
Max:    66.0
Var:    0.129644
StdDev: 0.36006110592509155
COV:    0.0055337827117863635
