bogo_sort
-----
Mean:   2871.624
Min:    6.0
Max:    28465.0
Var:    9349373.236624
StdDev: 3057.6744817956014
COV:    1.064789290588044
