bsqrt
-----
Mean:   443.539
Min:    48.0
Max:    601.0
Var:    45811.590479
StdDev: 214.03642325314632
COV:    0.48256505798395705
