bubble_sort
-----
Mean:   66.75
Min:    61.0
Max:    73.0
Var:    3.8615
StdDev: 1.9650699733088386
COV:    0.029439250536462
