canny
-----
Mean:   7931.209
Min:    7777.0
Max:    8062.0
Var:    2060.921319
StdDev: 45.397371278522286
COV:    0.0057238904281203895
