crc_32
-----
Mean:   22.913
Min:    21.0
Max:    25.0
Var:    0.5434310000000001
StdDev: 0.737177726196336
COV:    0.032172902989409335
