dct
-----
Mean:   3707.182
Min:    3699.0
Max:    3715.0
Var:    8.910876000000004
StdDev: 2.985109043234435
COV:    0.0008052232243343961
