dilate
-----
Mean:   124.869
Min:    94.0
Max:    176.0
Var:    176.24183900000003
StdDev: 13.275610682752038
COV:    0.1063163049496035
