dist_exp
-----
Mean:   5.982
Min:    5.0
Max:    7.0
Var:    0.019676
StdDev: 0.1402711659607918
COV:    0.02344887428298091
