dist_normal
-----
Mean:   8.9325
Min:    2.0
Max:    16.0
Var:    38.978943750000006
StdDev: 6.243311921568552
COV:    0.6989434001196253
