dist_gamma
-----
Mean:   11.7395
Min:    2.0
Max:    22.0
Var:    84.18663975
StdDev: 9.175327773436761
COV:    0.7815773903008443
