dist_uniform
-----
Mean:   1.907
Min:    1.0
Max:    2.0
Var:    0.084351
StdDev: 0.2904324362050492
COV:    0.15229807876510185
