eq_root
-----
Mean:   416.291
Min:    345.0
Max:    498.0
Var:    2765.696319
StdDev: 52.589887991894415
COV:    0.126329629974932
