erode
-----
Mean:   91.184
Min:    74.0
Max:    123.0
Var:    54.980144
StdDev: 7.414859675003972
COV:    0.0813175521473501
