exp_int
-----
Mean:   732.868
Min:    539.0
Max:    921.0
Var:    19955.938576
StdDev: 141.2654896852023
COV:    0.1927570717853724
