fft
-----
Mean:   3316.149
Min:    3312.0
Max:    3320.0
Var:    1.7227990000000004
StdDev: 1.3125543798258419
COV:    0.00039580681683055915
