fibonacci
-----
Mean:   11.772
Min:    1.0
Max:    45.0
Var:    182.298016
StdDev: 13.501778253252422
COV:    1.1469400486962642
