fir_avg
-----
Mean:   84.029
Min:    81.0
Max:    86.0
Var:    0.5541589999999998
StdDev: 0.744418565055977
COV:    0.008859067286960181
