gauss_filter
-----
Mean:   1189.94
Min:    1172.0
Max:    1204.0
Var:    22.844400000000004
StdDev: 4.779581571644113
COV:    0.004016657622774352
