img_scaling
-----
Mean:   34808.555
Min:    34483.0
Max:    35051.0
Var:    7699.404975
StdDev: 87.74625333881784
COV:    0.0025208243588054095
