insertion_sort
-----
Mean:   37.988
Min:    21.0
Max:    57.0
Var:    35.57985599999999
StdDev: 5.964885246171966
COV:    0.15702024971496173
