jpeg_compress
-----
Mean:   719379.308
Min:    718722.0
Max:    720058.0
Var:    60018.627136
StdDev: 244.98699380987554
COV:    0.00034055329516077153
