knn
-----
Mean:   126700.483
Min:    125282.0
Max:    128075.0
Var:    190677.239711
StdDev: 436.6660505592346
COV:    0.003446443456409196
