latnav
-----
Mean:   815.772
Min:    799.0
Max:    830.0
Var:    20.550016
StdDev: 4.533212547410501
COV:    0.005556960213650996
