lu_dec
-----
Mean:   1106.124
Min:    1083.0
Max:    1125.0
Var:    49.53262400000001
StdDev: 7.0379417445727706
COV:    0.006362705939454139
