matrix_mult
-----
Mean:   2181.468
Min:    2172.0
Max:    2191.0
Var:    9.776976000000001
StdDev: 3.1268156325565473
COV:    0.001433353884886942
