matrix_det
-----
Mean:   1124.07
Min:    1102.0
Max:    1143.0
Var:    50.435100000000006
StdDev: 7.101767385658306
COV:    0.006317904921987337
