matrix_inv
-----
Mean:   3513.896
Min:    3465.0
Max:    3555.0
Var:    179.825184
StdDev: 13.409891274727025
COV:    0.0038162459204048793
