matrix_nn
-----
Mean:   101.85
Min:    101.0
Max:    103.0
Var:    0.22550000000000006
StdDev: 0.4748684028233507
COV:    0.004662429090067263
