mc_integral
-----
Mean:   205.763
Min:    201.0
Max:    211.0
Var:    2.742831
StdDev: 1.6561494497780083
COV:    0.00804882048656954
