md5
-----
Mean:   79.345
Min:    79.0
Max:    81.0
Var:    0.249975
StdDev: 0.49997499937496875
COV:    0.006301279215766196
