multi_search
-----
Mean:   50.259
Min:    2.0
Max:    100.0
Var:    844.305919
StdDev: 29.05694269877683
COV:    0.5781440677048256
