quick_sort
-----
Mean:   48.963
Min:    38.0
Max:    75.0
Var:    34.329631
StdDev: 5.85914934098799
COV:    0.11966483550819987
