select_nmax
-----
Mean:   67.95
Min:    11.0
Max:    157.0
Var:    2114.5155
StdDev: 45.98386129937328
COV:    0.6767308506162366
