unstruct
-----
Mean:   8.384
Min:    7.0
Max:    10.0
Var:    0.5665439999999998
StdDev: 0.7526911717298137
COV:    0.08977709586472014
