zo_adamm
-----
Mean:   60982.766
Min:    60981.0
Max:    60989.0
Var:    0.5892440000000001
StdDev: 0.7676223029589487
COV:    1.2587528465975924e-05
