acas
-----
Mean:   606194.438299
Min:    604372.913
Max:    608039.428
Var:    316462.24298661493
StdDev: 562.5497693418912
COV:    0.0009280021950059834
