ann
-----
Mean:   5969.164006999999
Min:    4257.393
Max:    13113.617
Var:    2455498.019943799
StdDev: 1567.0028780904645
COV:    0.2625163048381399
