array_stats
-----
Mean:   1543.6685490000002
Min:    1523.169
Max:    1564.84
Var:    274.3508154415989
StdDev: 16.563538735475547
COV:    0.010729983937423308
