avg_filter
-----
Mean:   34447.166234
Min:    34393.862
Max:    34887.242
Var:    553.6413789072402
StdDev: 23.52958518349272
COV:    0.0006830630137659503
