avg_filter_RGB
-----
Mean:   38930.557016000006
Min:    38530.206
Max:    39890.649
Var:    86888.12978131176
StdDev: 294.7679252926135
COV:    0.0075716339011401065
