binary_tree_sort
-----
Mean:   4148.179477
Min:    3992.108
Max:    4608.262
Var:    4974.9653080134685
StdDev: 70.53343397292853
COV:    0.017003467271367666
