binary_search
-----
Mean:   7873.218086
Min:    3534.354
Max:    10093.222
Var:    1036584.6387088688
StdDev: 1018.1280070349056
COV:    0.12931535693712343
