biquad
-----
Mean:   147.415855
Min:    137.982
Max:    267.995
Var:    145.826625545975
StdDev: 12.07586955651538
COV:    0.08191703366313875
