bogo_sort
-----
Mean:   1342407.377546
Min:    968.48
Max:    12198610.202
Var:    1992577401055.4656
StdDev: 1411586.8379435483
COV:    1.0515338797705451
