bsqrt
-----
Mean:   16130.245348
Min:    8352.538
Max:    17757.264
Var:    1732913.8840597288
StdDev: 1316.401870273561
COV:    0.0816107778817377
