bubble_sort
-----
Mean:   830651.902379
Min:    817482.027
Max:    941450.377
Var:    37366574.73882553
StdDev: 6112.820522379627
COV:    0.0073590640133037845
