canny
-----
Mean:   246559.355653
Min:    245724.278
Max:    352745.808
Var:    11472596.421502687
StdDev: 3387.1221444616795
COV:    0.013737552710141774
