crc_32
-----
Mean:   1003.3838959999999
Min:    993.846
Max:    1043.279
Var:    38.450728571183994
StdDev: 6.200865146992313
COV:    0.006179952829332945
