dct
-----
Mean:   6579048.964142
Min:    6577684.933
Max:    6581040.886
Var:    230802.1042336966
StdDev: 480.41867598345567
COV:    7.302251109573692e-05
