dilate
-----
Mean:   13322.076312000001
Min:    13192.381
Max:    15252.634
Var:    5869.518121222657
StdDev: 76.61278040394211
COV:    0.005750813807824561
