dist_exp
-----
Mean:   440.381413
Min:    425.874
Max:    463.014
Var:    258.834427194431
StdDev: 16.088332020269565
COV:    0.03653272264755998
