dist_normal
-----
Mean:   41.520511
Min:    35.889
Max:    77.768
Var:    35.718720883878994
StdDev: 5.9765141080632445
COV:    0.14394124648570064
