dist_gamma
-----
Mean:   43.197863
Min:    35.785
Max:    78.393
Var:    35.63723612423101
StdDev: 5.969693134846297
COV:    0.1381941772176623
