dist_uniform
-----
Mean:   129.425904
Min:    125.012
Max:    163.714
Var:    119.613037106784
StdDev: 10.936774529393206
COV:    0.08450220698781602
