eq_root
-----
Mean:   1900.572141
Min:    1844.92
Max:    1937.324
Var:    607.6464731451189
StdDev: 24.65048626589583
COV:    0.012970034514409852
