erode
-----
Mean:   14124.258236000001
Min:    13912.138
Max:    15692.52
Var:    4338.320706696305
StdDev: 65.8659297869263
COV:    0.00466331956598236
