exp_int
-----
Mean:   199449.25576899998
Min:    19.533
Max:    626230.994
Var:    35908462975.41722
StdDev: 189495.2848368983
COV:    0.9500927145918746
