fft
-----
Mean:   853988.987397
Min:    853299.442
Max:    855412.276
Var:    73232.9981194391
StdDev: 270.61596057778837
COV:    0.00031688460222729453
