fibonacci
-----
Mean:   124117.766275
Min:    4.688
Max:    1921632.871
Var:    131271101984.97385
StdDev: 362313.5409903608
COV:    2.9191110335292794
