fir_avg
-----
Mean:   425.261973
Min:    410.144
Max:    543.647
Var:    280.97119282427104
StdDev: 16.762195346203047
COV:    0.039416163236873865
