gauss_filter_RGB
-----
Mean:   90275.62679699999
Min:    90118.971
Max:    90990.099
Var:    6047.927730717804
StdDev: 77.76842373815869
COV:    0.0008614553728110261
