gauss_filter
-----
Mean:   81253.975268
Min:    80865.725
Max:    81486.671
Var:    8021.405377308138
StdDev: 89.56229886122921
COV:    0.0011022512875933253
