img_scaling
-----
Mean:   544965.1216600001
Min:    544676.24
Max:    546914.518
Var:    15820.98103988043
StdDev: 125.78148130738654
COV:    0.0002308064797325887
