insertion_sort
-----
Mean:   184613.11510499998
Min:    180652.134
Max:    189533.107
Var:    1605370.4310843162
StdDev: 1267.0321349848693
COV:    0.006863175101423515
