jpeg_compress
-----
Mean:   7215952.18131
Min:    7200754.652
Max:    7235189.032
Var:    17315653.120086588
StdDev: 4161.208132271995
COV:    0.0005766679195920836
