knn
-----
Mean:   1987659.655651
Min:    1986405.207
Max:    1994516.965
Var:    185282.21642201295
StdDev: 430.4442082570202
COV:    0.00021655830616335608
