latnav
-----
Mean:   8799.98032
Min:    8703.028
Max:    9627.7
Var:    5348.324530405605
StdDev: 73.13224002042878
COV:    0.008310500405804177
