lu_dec
-----
Mean:   467502.948186
Min:    466891.492
Max:    467720.004
Var:    3089.4503781993676
StdDev: 55.5828244892194
COV:    0.00011889299245040334
