matrix_nn
-----
Mean:   1383.7256089999998
Min:    1367.371
Max:    1476.393
Var:    294.33360313011883
StdDev: 17.15615350625305
COV:    0.01239852279575253
