matrix_det
-----
Mean:   467232.516471
Min:    466890.554
Max:    475838.731
Var:    88659.24576785564
StdDev: 297.75702471622
COV:    0.0006372780451265982
