matrix_inv
-----
Mean:   1525244.8135110002
Min:    1524074.09
Max:    1538788.274
Var:    245737.01815985437
StdDev: 495.71868853196804
COV:    0.000325009260245154
