matrix_mult
-----
Mean:   1563732.417063
Min:    1557166.057
Max:    1568746.725
Var:    2812719.3595331567
StdDev: 1677.1163822266947
COV:    0.00107250854681177
