mc_integral
-----
Mean:   2368.419021
Min:    2308.034
Max:    2401.012
Var:    331.1543556945594
StdDev: 18.197646982358993
COV:    0.0076834575389770066
