md5
-----
Mean:   241.93742500000002
Min:    233.407
Max:    271.849
Var:    195.978575364375
StdDev: 13.999234813530881
COV:    0.057863039641472915
