multi_search
-----
Mean:   827.673068
Min:    10.105
Max:    1610.884
Var:    215871.04320203536
StdDev: 464.61924540642457
COV:    0.5613560031971762
