quick_sort
-----
Mean:   2567.333024
Min:    2428.411
Max:    2888.611
Var:    3543.311500171424
StdDev: 59.52572133264262
COV:    0.023185819983688495
