select_nmax
-----
Mean:   541220.3814589999
Min:    429.886
Max:    1137745.924
Var:    127994228121.3696
StdDev: 357762.80986341997
COV:    0.6610298172788274
