unstruct
-----
Mean:   865016.557692
Min:    978.897
Max:    1763030.993
Var:    266071271313.57184
StdDev: 515820.9682763699
COV:    0.5963134042805623
