zo_adamm
-----
Mean:   3345873.713506
Min:    3342943.371
Max:    3349014.941
Var:    633777.3421095787
StdDev: 796.1013390954563
COV:    0.00023793526213553807
